Epoch: 0 Batch: 0 gbest_value: 0.9505013227462769
Epoch: 0 Batch: 1 gbest_value: 0.9505013227462769
Epoch: 0 Batch: 2 gbest_value: 0.9505013227462769
Epoch: 0 Batch: 3 gbest_value: 0.9505013227462769
